time: 1.001092774
i.cpu-cycles: 13803633769.91072
i.instructions: 21227143970.974262
i.cache-references: 31191439.80555792
i.cache-misses: 11149534.079046305
i.branch-instructions: 4282010511.2455845
i.branch-misses: 221880704.5349825
i.cpu-clock: 22041517033.26549
i.task-clock: 22041539054.201584
i.page-faults: 8839.340598416906
i.context-switches: 24801.897131663845
i.cpu-migrations: 107.88210923596179
i.minor-faults: 8839.340598416906
i.major-faults: 0.0
i.ipc: 1.5377939117194905
i.cpi: 0.6502821947590142
i.cache-miss-rate%: 35.74549347048608
i.cycles-between-cache-misses: 1238.0457938464313
i.MPKI: 0.5252489027394378
i.branch-miss-rate%: 5.181694532329397
i.metric.K/sec: 1.125
time: 2.004750051
i.cpu-cycles: 12251806913.367302
i.instructions: 16683080845.135946
i.cache-references: 27288433.63928502
i.cache-misses: 9402354.983373474
i.branch-instructions: 3383744192.1920133
i.branch-misses: 213049322.61254358
i.cpu-clock: 22063928694.057587
i.task-clock: 22063927168.636475
i.page-faults: 8342.48920610377
i.context-switches: 24631.91426648721
i.cpu-migrations: 89.67204449412866
i.minor-faults: 8342.48920610377
i.major-faults: 0.0
i.ipc: 1.3616832980720512
i.cpi: 0.7343851550620155
i.cache-miss-rate%: 34.4554587033447
i.cycles-between-cache-misses: 1303.0572590625027
i.MPKI: 0.5635862506843146
i.branch-miss-rate%: 6.296259720346317
i.metric.K/sec: 1.116
ps.cpu-cycles: 8670592523.08671
ps.instructions: 12614591963.195696
ps.cache-references: 19460445.921439927
ps.cache-misses: 6838926.847466252
ps.branch-instructions: 2550781492.0481
ps.branch-misses: 144740995.23350427
ps.cpu-clock: 14678306129.74202
ps.task-clock: 14678312940.627172
ps.page-faults: 5717.903094069352
ps.context-switches: 16451.50483185637
ps.cpu-migrations: 65.7382889690937
ps.minor-faults: 5717.903094069352
ps.major-faults: 0.0
total.instructions: 37994435935.0
overall.ipc: 1.4548708095332026
overall.cpi: 0.6873462533218682
overall.cache-miss-rate%: 35.142703692784764
overall.cycles-between-cache-misses: 1267.8294002075884
overall.MPKI: 0.5421441190820511
overall.branch-miss-rate%: 5.6743784477316135
