read_bw_MBps: 3293.1650390625
read_iops: 26343.32139
read_clat_mean_ns: 4831323.057972
read_clat_stddev: 133954.515932
read_clat_90%_ns: 5013504
read_clat_95%_ns: 5079040
read_clat_99%_ns: 5144576
read_slat_mean_us: 26479.533411
read_slat_stddev: 3057.055343
write_bw_MBps: 0.0
write_iops: 0.0
write_clat_mean_ns: 0.0
write_clat_stddev: 0.0
write_slat_mean_us: 0.0
write_slat_stddev: 0.0
latency_2us%: 0.0
latency_4us%: 0.0
latency_10us%: 0.0
latency_20us%: 0.0
latency_50us%: 0.0
latency_100us%: 0.0
latency_250us%: 0.0
latency_500us%: 0.0
latency_750us%: 0.0
latency_1000us%: 0.0
latency_2ms%: 0.0
latency_4ms%: 0.01
latency_10ms%: 100.007275
latency_20ms%: 0.0
latency_50ms%: 0.0
latency_100ms%: 0.0
latency_250ms%: 0.0
latency_500ms%: 0.0
latency_750ms%: 0.0
latency_1000ms%: 0.0
latency_2000ms%: 0.0
latency_>=2000ms%: 0.0
workload: 1580731
